1.00000e-08
1.00000e-08
1.00000e-08
1.00000e-08
1.00000e-08
1.00000e-08
1.00000e-08
1.00000e-08
1.00000e-08
1.00000e-08
1.00000e-08
1.00000e-08
1.00000e-08
1.00000e-08
1.00000e-08
1.00000e-08
1.00000e-08
1.00000e-08
1.00000e-08
1.00000e-08
1.00000e-08
1.00000e-08
1.00000e-08
1.00000e-08
1.00000e-08
1.00000e-08
1.00000e-08
1.00000e-08
1.00000e-08
1.00000e-08
1.00000e-08
1.00000e-08
1.00000e-08
1.00000e-08
1.00000e-08
1.00000e-08
1.00000e-08
1.00000e-08
1.00000e-08
1.00000e-08
1.00000e-08
1.00000e-08
1.00000e-08
1.00000e-08
1.00000e-08
1.00000e-08
1.00000e-08
1.00000e-08
1.00000e-08
1.00000e-08
1.00000e-08
1.00000e-08
1.00000e-08
1.00000e-08
1.00000e-08
1.00000e-08
1.00000e-08
1.00000e-08
1.00000e-08
1.00000e-08
1.00000e-08
1.00000e-08
1.00000e-08
1.00000e-08
1.00000e-08
1.00000e-08
1.00000e-08
1.00000e-08
1.00000e-08
1.00000e-08
1.00000e-08
1.00000e-08
1.00000e-08
1.00000e-08
1.00000e-08
1.00000e-08
1.00000e-08
1.00000e-08
1.00000e-08
1.00000e-08
1.00000e-08
1.00000e-08
1.00000e-08
1.00000e-08
1.00000e-08
1.00000e-08
1.00000e-08
1.00000e-08
1.00000e-08
1.00000e-08
1.00000e-08
1.00000e-08
1.00000e-08
1.00000e-08
1.00000e-08
1.00000e-08
1.00000e-08
1.00000e-08
1.00000e-08
1.00000e-08
1.00000e-08
1.00000e-08
1.00000e-08
1.00000e-08
1.00000e-08
1.00000e-08
1.00000e-08
1.00000e-08
1.00000e-08
1.00000e-08
1.00000e-08
1.00000e-08
1.00000e-08
1.00000e-08
1.00000e-08
1.00000e-08
1.00000e-08
1.00000e-08
1.00000e-08
1.00000e-08
1.00000e-08
1.00000e-08
1.00000e-08
1.00000e-08
1.00000e-08
1.00000e-08
1.00000e-08
1.00000e-08
1.00000e-08
1.00000e-08
1.00000e-08
1.00000e-08
1.00000e-08
1.00000e-08
1.00000e-08
1.00000e-08
1.00000e-08
1.00000e-08
1.00000e-08
1.00000e-08
1.00000e-08
1.00000e-08
1.00000e-08
1.00000e-08
1.00000e-08
1.00000e-08
1.00000e-08
1.00000e-08
1.00000e-08
1.00000e-08
1.00000e-08
1.00000e-08
1.00000e-08
1.00000e-08
1.00000e-08
1.00000e-08
1.00000e-08
1.00000e-08
1.00000e-08
1.00000e-08
1.00000e-08
1.00000e-08
1.00000e-08
1.00000e-08
1.00000e-08
1.00000e-08
1.00000e-08
1.00000e-08
1.00000e-08
1.00000e-08
1.00000e-08
1.00000e-08
1.00000e-08
1.00000e-08
1.00000e-08
1.00000e-08
1.00000e-08
1.00000e-08
1.00000e-08
1.00000e-08
1.00000e-08
1.00000e-08
1.00000e-08
1.00000e-08
1.00000e-08
1.00000e-08
1.00000e-08
1.00000e-08
1.00000e-08
1.00000e-08
1.00000e-08
1.00000e-08
1.00000e-08
1.00000e-08
1.00000e-08
1.00000e-08
1.00000e-08
1.00000e-08
1.00000e-08
1.00000e-08
1.00000e-08
1.00000e-08
1.00000e-08
1.00000e-08
1.00000e-08
1.00000e-08
1.00000e-08
1.00000e-08
1.00000e-08
1.00000e-08
1.00000e-08
1.00000e-08
1.00000e-08
1.00000e-08
1.00000e-08
1.00000e-08
1.00000e-08
1.00000e-08
1.00000e-08
1.00000e-08
1.00000e-08
1.00000e-08
1.00000e-08
1.00000e-08
1.00000e-08
1.00000e-08
1.00000e-08
1.00000e-08
1.00000e-08
1.00000e-08
1.00000e-08
1.00000e-08
1.00000e-08
1.00000e-08
1.00000e-08
1.00000e-08
1.00000e-08
1.00000e-08
1.00000e-08
1.00000e-08
1.00000e-08
1.00000e-08
1.00000e-08
1.00000e-08
1.00000e-08
1.00000e-08
1.00000e-08
1.00000e-08
1.00000e-08
1.00000e-08
1.00000e-08
1.00000e-08
1.00000e-08
1.00000e-08
1.00000e-08
1.00000e-08
1.00000e-08
1.00000e-08
1.00000e-08
1.00000e-08
1.00000e-08
1.00000e-08
1.00000e-08
1.00000e-08
1.00000e-08
1.00000e-08
1.00000e-08
1.00000e-08
1.00000e-08
1.00000e-08
1.00000e-08
1.00000e-08
1.00000e-08
1.00000e-08
1.00000e-08
1.00000e-08
1.00000e-08
1.00000e-08
1.00000e-08
1.00000e-08
1.00000e-08
1.00000e-08
1.00000e-08
1.00000e-08
1.00000e-08
1.00000e-08
1.00000e-08
1.00000e-08
1.00000e-08
1.00000e-08
1.00000e-08
1.00000e-08
1.00000e-08
1.00000e-08
1.00000e-08
1.00000e-08
1.00000e-08
1.00000e-08
1.00000e-08
1.00000e-08
1.00000e-08
1.00000e-08
1.00000e-08
1.00000e-08
1.00000e-08
1.00000e-08
1.00000e-08
1.00000e-08
1.00000e-08
1.00000e-08
1.00000e-08
1.00000e-08
8.37866e+03
1.89772e+03
1.89772e+03
1.90595e+03
1.90595e+03
8.45827e+03
1.89772e+03
1.89772e+03
1.90595e+03
1.90595e+03
1.88727e+03
3.85785e+03
9.94153e+02
9.94153e+02
1.59438e+03
1.59438e+03
1.60422e+03
1.60422e+03
1.01043e+03
1.01043e+03
3.93053e+03
1.91934e+03
9.94153e+02
9.94153e+02
1.59438e+03
1.59438e+03
1.60422e+03
1.60422e+03
1.01043e+03
1.01043e+03
2.53328e+03
6.46151e+03
2.15112e+03
5.28411e+02
5.28411e+02
9.04203e+02
9.04203e+02
1.13990e+03
1.13990e+03
1.14519e+03
1.14519e+03
9.21563e+02
9.21563e+02
5.45734e+02
5.45734e+02
2.22479e+03
6.63481e+03
2.58619e+03
5.28411e+02
5.28411e+02
1.00000e-08
1.00000e-08
1.00000e-08
1.00000e-08
1.00000e-08
1.00000e-08
1.00000e-08
1.00000e-08
1.00000e-08
1.00000e-08
1.00000e-08
1.00000e-08
1.00000e-08
1.00000e-08
1.00000e-08
1.00000e-08
5.45734e+02
5.45734e+02
1.00000e-08
1.00000e-08
1.00000e-08
1.00000e-08
1.00000e-08
1.00000e-08
1.00000e-08
1.00000e-08
1.00000e-08
1.00000e-08
1.00000e-08
1.00000e-08
1.00000e-08
1.00000e-08
1.00000e-08
1.00000e-08
3.39751e+03
1.17034e+03
1.17034e+03
1.00000e-08
1.00000e-08
1.00000e-08
1.00000e-08
1.00000e-08
1.00000e-08
1.00000e-08
1.00000e-08
1.00000e-08
1.00000e-08
1.00000e-08
1.00000e-08
1.00000e-08
1.00000e-08
1.00000e-08
1.00000e-08
1.23410e+03
1.23410e+03
3.55878e+03
1.00000e-08
1.00000e-08
1.00000e-08
1.00000e-08
1.00000e-08
1.00000e-08
1.00000e-08
1.00000e-08
1.00000e-08
1.00000e-08
1.00000e-08
1.00000e-08
1.00000e-08
1.00000e-08
1.00000e-08
1.00000e-08
1.17034e+03
1.17034e+03
1.00000e-08
1.00000e-08
1.00000e-08
1.00000e-08
1.00000e-08
1.00000e-08
1.00000e-08
1.00000e-08
1.00000e-08
1.00000e-08
1.00000e-08
1.00000e-08
1.00000e-08
1.00000e-08
1.00000e-08
1.00000e-08
1.23410e+03
1.23410e+03
1.00000e-08
1.00000e-08
1.00000e-08
1.00000e-08
1.00000e-08
1.00000e-08
1.00000e-08
1.00000e-08
1.00000e-08
1.00000e-08
1.00000e-08
1.00000e-08
1.00000e-08
1.00000e-08
1.00000e-08
1.00000e-08
2.72440e+03
7.44189e+03
4.17199e+03
1.74383e+03
4.76137e+03
1.00000e-08
1.00000e-08
1.00000e-08
1.00000e-08
1.00000e-08
1.00000e-08
1.00000e-08
1.00000e-08
1.00000e-08
1.00000e-08
1.00000e-08
1.00000e-08
1.00000e-08
1.00000e-08
1.00000e-08
1.00000e-08
5.34935e+03
1.90390e+03
4.40033e+03
7.66165e+03
2.78430e+03
1.00000e-08
1.00000e-08
1.00000e-08
1.00000e-08
1.00000e-08
1.00000e-08
1.00000e-08
1.00000e-08
1.00000e-08
1.00000e-08
1.00000e-08
1.00000e-08
1.00000e-08
1.00000e-08
1.00000e-08
1.00000e-08
1.78320e+03
4.93270e+03
1.00000e-08
1.00000e-08
1.00000e-08
1.00000e-08
1.00000e-08
1.00000e-08
1.00000e-08
1.00000e-08
1.00000e-08
1.00000e-08
1.00000e-08
1.00000e-08
1.00000e-08
1.00000e-08
1.00000e-08
1.00000e-08
5.54961e+03
1.94902e+03
1.00000e-08
1.00000e-08
1.00000e-08
1.00000e-08
1.00000e-08
1.00000e-08
1.00000e-08
1.00000e-08
1.00000e-08
1.00000e-08
1.00000e-08
1.00000e-08
1.00000e-08
1.00000e-08
1.00000e-08
1.00000e-08
3.52114e+03
1.47115e+03
3.57774e+03
1.00000e-08
1.00000e-08
1.00000e-08
1.00000e-08
1.00000e-08
1.00000e-08
1.00000e-08
1.00000e-08
1.00000e-08
1.00000e-08
1.00000e-08
1.00000e-08
1.00000e-08
1.00000e-08
1.00000e-08
1.00000e-08
3.95806e+03
1.59228e+03
3.69255e+03
1.00000e-08
1.00000e-08
1.00000e-08
1.00000e-08
1.00000e-08
1.00000e-08
1.00000e-08
1.00000e-08
1.00000e-08
1.00000e-08
1.00000e-08
1.00000e-08
1.00000e-08
1.00000e-08
1.00000e-08
1.00000e-08
1.03265e+03
1.98122e+03
3.68259e+03
5.64803e+03
6.30745e+03
6.47481e+03
6.48030e+03
6.33832e+03
5.70210e+03
3.97898e+03
2.12017e+03
1.09854e+03
2.26705e+03
5.26805e+03
2.26518e+03
4.58883e+03
8.08021e+03
1.02501e+04
1.02976e+04
8.24218e+03
4.74744e+03
2.34567e+03
5.39085e+03
2.31084e+03
1.34685e+03
2.14555e+03
3.05864e+03
3.64948e+03
3.66453e+03
3.09946e+03
2.19149e+03
1.38013e+03
1.06410e+04
5.24793e+03
7.57321e+03
7.60984e+03
5.31482e+03
1.07589e+04
2.32437e+03
2.89603e+03
2.90434e+03
2.34239e+03
1.13025e+02
1.13025e+02
1.13025e+02
1.13025e+02
1.42487e+02
1.42487e+02
1.42487e+02
1.42487e+02
1.43149e+02
1.43149e+02
1.43149e+02
1.43149e+02
1.15195e+02
1.15195e+02
1.15195e+02
1.15195e+02
1.13025e+02
1.13025e+02
1.13025e+02
1.13025e+02
1.42487e+02
1.42487e+02
1.42487e+02
1.42487e+02
1.43149e+02
1.43149e+02
1.43149e+02
1.43149e+02
1.15195e+02
1.15195e+02
1.15195e+02
1.15195e+02
3.80957e+02
3.80957e+02
5.64836e+02
5.64836e+02
6.33035e+02
6.33035e+02
6.52566e+02
6.52566e+02
6.53241e+02
6.53241e+02
6.36517e+02
6.36517e+02
5.70163e+02
5.70163e+02
4.08514e+02
4.08514e+02
3.80957e+02
3.80957e+02
5.64836e+02
5.64836e+02
6.33035e+02
6.33035e+02
6.52566e+02
6.52566e+02
6.53241e+02
6.53241e+02
6.36517e+02
6.36517e+02
5.70163e+02
5.70163e+02
4.08514e+02
4.08514e+02
9.76571e+02
9.76571e+02
1.82923e+03
1.82923e+03
1.96370e+03
1.96370e+03
1.98743e+03
1.98743e+03
1.98805e+03
1.98805e+03
1.96873e+03
1.96873e+03
1.81564e+03
1.81564e+03
1.12889e+03
1.12889e+03
9.76571e+02
9.76571e+02
1.82923e+03
1.82923e+03
1.96370e+03
1.96370e+03
1.98743e+03
1.98743e+03
1.98805e+03
1.98805e+03
1.96873e+03
1.96873e+03
1.81564e+03
1.81564e+03
1.12889e+03
1.12889e+03
6.76219e+02
4.51967e+03
8.99131e+03
9.37708e+03
9.38149e+03
9.38571e+03
9.38787e+03
9.38869e+03
9.38876e+03
9.38812e+03
9.38630e+03
9.38246e+03
9.37848e+03
9.21197e+03
5.78312e+03
9.86392e+02
7.25364e+02
5.04753e+03
1.00246e+04
1.04585e+04
1.04624e+04
1.04668e+04
1.04691e+04
1.04700e+04
1.04701e+04
1.04694e+04
1.04675e+04
1.04634e+04
1.04598e+04
1.02728e+04
6.45234e+03
1.08293e+03
7.26039e+02
5.05119e+03
1.00328e+04
1.04667e+04
1.04704e+04
1.04750e+04
1.04774e+04
1.04783e+04
1.04784e+04
1.04777e+04
1.04757e+04
1.04715e+04
1.04678e+04
1.02812e+04
6.45735e+03
1.08262e+03
7.13586e+02
4.93211e+03
9.80497e+03
1.02279e+04
1.02319e+04
1.02361e+04
1.02383e+04
1.02391e+04
1.02392e+04
1.02385e+04
1.02367e+04
1.02329e+04
1.02292e+04
1.00467e+04
6.30828e+03
1.06141e+03
5.60661e+02
2.98404e+03
5.86228e+03
6.12224e+03
6.12825e+03
6.13378e+03
6.13658e+03
6.13766e+03
6.13774e+03
6.13690e+03
6.13454e+03
6.12956e+03
6.12365e+03
6.00919e+03
3.79251e+03
7.40256e+02
4.24147e+02
6.37037e+02
9.73576e+02
1.03150e+03
1.06175e+03
1.08349e+03
1.09420e+03
1.09847e+03
1.09882e+03
1.09545e+03
1.08636e+03
1.06715e+03
1.03735e+03
9.97468e+02
7.21917e+02
4.40913e+02
5.28411e+02
5.28411e+02
9.04203e+02
9.04203e+02
1.13990e+03
1.13990e+03
1.14519e+03
1.14519e+03
9.21563e+02
9.21563e+02
5.45734e+02
5.45734e+02
5.28411e+02
5.28411e+02
1.13025e+02
1.13025e+02
1.13025e+02
1.13025e+02
1.42487e+02
1.42487e+02
1.42487e+02
1.42487e+02
1.43149e+02
1.43149e+02
1.43149e+02
1.43149e+02
1.15195e+02
1.15195e+02
1.15195e+02
1.15195e+02
5.45734e+02
5.45734e+02
1.13025e+02
1.13025e+02
1.13025e+02
1.13025e+02
1.42487e+02
1.42487e+02
1.42487e+02
1.42487e+02
1.43149e+02
1.43149e+02
1.43149e+02
1.43149e+02
1.15195e+02
1.15195e+02
1.15195e+02
1.15195e+02
1.17034e+03
1.17034e+03
1.00295e+02
1.00295e+02
1.22613e+02
1.22613e+02
1.31440e+02
1.31440e+02
1.38320e+02
1.38320e+02
1.38731e+02
1.38731e+02
1.32216e+02
1.32216e+02
1.23937e+02
1.23937e+02
1.02593e+02
1.02593e+02
1.23410e+03
1.23410e+03
1.00295e+02
1.00295e+02
1.22613e+02
1.22613e+02
1.31440e+02
1.31440e+02
1.38320e+02
1.38320e+02
1.38731e+02
1.38731e+02
1.32216e+02
1.32216e+02
1.23937e+02
1.23937e+02
1.02593e+02
1.02593e+02
1.17034e+03
1.17034e+03
4.15645e+02
4.15645e+02
8.70676e+02
8.70676e+02
9.26333e+02
9.26333e+02
9.27018e+02
9.27018e+02
9.27082e+02
9.27082e+02
9.26480e+02
9.26480e+02
8.87833e+02
8.87833e+02
4.73945e+02
4.73945e+02
1.23410e+03
1.23410e+03
4.15645e+02
4.15645e+02
8.70676e+02
8.70676e+02
9.26333e+02
9.26333e+02
9.27018e+02
9.27018e+02
9.27082e+02
9.27082e+02
9.26480e+02
9.26480e+02
8.87833e+02
8.87833e+02
4.73945e+02
4.73945e+02
6.66582e+02
1.03838e+03
6.76259e+02
1.81147e+03
2.83596e+03
3.13396e+03
3.16280e+03
3.16362e+03
3.16410e+03
3.16454e+03
3.16459e+03
3.16421e+03
3.16369e+03
3.16328e+03
3.14744e+03
2.94415e+03
2.06597e+03
8.57034e+02
1.27706e+03
6.76680e+02
7.91900e+02
2.12557e+03
3.32532e+03
3.67629e+03
3.71049e+03
3.71126e+03
3.71161e+03
3.71200e+03
3.71204e+03
3.71170e+03
3.71129e+03
3.71102e+03
3.69227e+03
3.45243e+03
2.42346e+03
1.00540e+03
6.69810e+02
1.06660e+03
8.03549e+02
2.15409e+03
3.36804e+03
3.72418e+03
3.75901e+03
3.75976e+03
3.76009e+03
3.76048e+03
3.76052e+03
3.76018e+03
3.75978e+03
3.75955e+03
3.74046e+03
3.49687e+03
2.45541e+03
1.02008e+03
1.32323e+03
6.79121e+02
7.42871e+02
1.99727e+03
3.12806e+03
3.45685e+03
3.48864e+03
3.48945e+03
3.48986e+03
3.49027e+03
3.49031e+03
3.48996e+03
3.48950e+03
3.48916e+03
3.47171e+03
3.24745e+03
2.27823e+03
9.42938e+02
6.37093e+02
8.22527e+02
5.28234e+02
1.37925e+03
2.14690e+03
2.37505e+03
2.39777e+03
2.39862e+03
2.39930e+03
2.39986e+03
2.39991e+03
2.39944e+03
2.39873e+03
2.39817e+03
2.38563e+03
2.22902e+03
1.56937e+03
6.64139e+02
9.18699e+02
6.51357e+02
2.60559e+02
5.78791e+02
8.71141e+02
9.67119e+02
9.78105e+02
9.79650e+02
9.81425e+02
9.82596e+02
9.82707e+02
9.81733e+02
9.80005e+02
9.78451e+02
9.72049e+02
9.04376e+02
6.49977e+02
3.10757e+02
5.55512e+02
6.94804e+02
9.09714e+02
1.32866e+03
1.41380e+03
1.45385e+03
1.45650e+03
1.41785e+03
1.34857e+03
9.55386e+02
7.05159e+02
5.72068e+02
1.13025e+02
1.13025e+02
1.13025e+02
1.13025e+02
1.42487e+02
1.42487e+02
1.42487e+02
1.42487e+02
1.43149e+02
1.43149e+02
1.43149e+02
1.43149e+02
1.15195e+02
1.15195e+02
1.15195e+02
1.15195e+02
1.13025e+02
1.13025e+02
1.13025e+02
1.13025e+02
1.42487e+02
1.42487e+02
1.42487e+02
1.42487e+02
1.43149e+02
1.43149e+02
1.43149e+02
1.43149e+02
1.15195e+02
1.15195e+02
1.15195e+02
1.15195e+02
1.00295e+02
1.00295e+02
1.22613e+02
1.22613e+02
1.31440e+02
1.31440e+02
1.38320e+02
1.38320e+02
1.38731e+02
1.38731e+02
1.32216e+02
1.32216e+02
1.23937e+02
1.23937e+02
1.02593e+02
1.02593e+02
1.00295e+02
1.00295e+02
1.22613e+02
1.22613e+02
1.31440e+02
1.31440e+02
1.38320e+02
1.38320e+02
1.38731e+02
1.38731e+02
1.32216e+02
1.32216e+02
1.23937e+02
1.23937e+02
1.02593e+02
1.02593e+02
4.15645e+02
4.15645e+02
8.70676e+02
8.70676e+02
9.26333e+02
9.26333e+02
9.27018e+02
9.27018e+02
9.27082e+02
9.27082e+02
9.26480e+02
9.26480e+02
8.87833e+02
8.87833e+02
4.73945e+02
4.73945e+02
4.15645e+02
4.15645e+02
8.70676e+02
8.70676e+02
9.26333e+02
9.26333e+02
9.27018e+02
9.27018e+02
9.27082e+02
9.27082e+02
9.26480e+02
9.26480e+02
8.87833e+02
8.87833e+02
4.73945e+02
4.73945e+02
5.14285e+02
9.50054e+02
1.32530e+03
1.49965e+03
1.54426e+03
1.55073e+03
1.55101e+03
1.55089e+03
1.55088e+03
1.55098e+03
1.55093e+03
1.54690e+03
1.51511e+03
1.37617e+03
1.03767e+03
5.94640e+02
6.04027e+02
1.11753e+03
1.55954e+03
1.76475e+03
1.81723e+03
1.82491e+03
1.82528e+03
1.82515e+03
1.82513e+03
1.82525e+03
1.82515e+03
1.82034e+03
1.78293e+03
1.61943e+03
1.22075e+03
6.98739e+02
6.17776e+02
1.14218e+03
1.59348e+03
1.80326e+03
1.85703e+03
1.86492e+03
1.86531e+03
1.86517e+03
1.86515e+03
1.86527e+03
1.86517e+03
1.86022e+03
1.82187e+03
1.65467e+03
1.24756e+03
7.14541e+02
5.60798e+02
1.03793e+03
1.44877e+03
1.63929e+03
1.68790e+03
1.69497e+03
1.69529e+03
1.69517e+03
1.69515e+03
1.69526e+03
1.69519e+03
1.69077e+03
1.65614e+03
1.50441e+03
1.13389e+03
6.48749e+02
4.23956e+02
7.76384e+02
1.07970e+03
1.22217e+03
1.25922e+03
1.26459e+03
1.26479e+03
1.26468e+03
1.26467e+03
1.26476e+03
1.26475e+03
1.26142e+03
1.23496e+03
1.12105e+03
8.47088e+02
4.89118e+02
2.51513e+02
4.44168e+02
6.09966e+02
6.91120e+02
7.13460e+02
7.16674e+02
7.16706e+02
7.16640e+02
7.16638e+02
7.16684e+02
7.16745e+02
7.14806e+02
6.98728e+02
6.33077e+02
4.82567e+02
2.87423e+02
9.94153e+02
9.94153e+02
1.59438e+03
1.59438e+03
1.60422e+03
1.60422e+03
1.01043e+03
1.01043e+03
9.94153e+02
9.94153e+02
1.59438e+03
1.59438e+03
1.60422e+03
1.60422e+03
1.01043e+03
1.01043e+03
9.00634e+02
1.23896e+02
1.23896e+02
1.56399e+02
1.56399e+02
1.72483e+02
1.72483e+02
1.72017e+02
1.72017e+02
1.58733e+02
1.58733e+02
1.24238e+02
1.24238e+02
9.09749e+02
1.23896e+02
1.23896e+02
1.95499e+01
1.95499e+01
1.95499e+01
1.95499e+01
2.15604e+01
2.15604e+01
2.15604e+01
2.15604e+01
2.15021e+01
2.15021e+01
2.15021e+01
2.15021e+01
1.98417e+01
1.98417e+01
1.98417e+01
1.98417e+01
1.24238e+02
1.24238e+02
1.95499e+01
1.95499e+01
1.95499e+01
1.95499e+01
2.15604e+01
2.15604e+01
2.15604e+01
2.15604e+01
2.15021e+01
2.15021e+01
2.15021e+01
2.15021e+01
1.98417e+01
1.98417e+01
1.98417e+01
1.98417e+01
9.30379e+02
3.22543e+02
3.22543e+02
8.74082e+01
8.74082e+01
1.34970e+02
1.34970e+02
1.52039e+02
1.52039e+02
1.53625e+02
1.53625e+02
1.53609e+02
1.53609e+02
1.52528e+02
1.52528e+02
1.38039e+02
1.38039e+02
9.30541e+01
9.30541e+01
3.57940e+02
3.57940e+02
9.30007e+02
8.74082e+01
8.74082e+01
1.34970e+02
1.34970e+02
1.52039e+02
1.52039e+02
1.53625e+02
1.53625e+02
1.53609e+02
1.53609e+02
1.52528e+02
1.52528e+02
1.38039e+02
1.38039e+02
9.30541e+01
9.30541e+01
3.22543e+02
3.22543e+02
2.52573e+02
2.52573e+02
4.05453e+02
4.05453e+02
4.56569e+02
4.56569e+02
4.62206e+02
4.62206e+02
4.62260e+02
4.62260e+02
4.58033e+02
4.58033e+02
4.14910e+02
4.14910e+02
2.70951e+02
2.70951e+02
3.57940e+02
3.57940e+02
2.52573e+02
2.52573e+02
4.05453e+02
4.05453e+02
4.56569e+02
4.56569e+02
4.62206e+02
4.62206e+02
4.62260e+02
4.62260e+02
4.58033e+02
4.58033e+02
4.14910e+02
4.14910e+02
2.70951e+02
2.70951e+02
9.08250e+02
2.95201e+02
1.21695e+03
3.74151e+02
5.78571e+02
7.54081e+02
8.56688e+02
8.97836e+02
9.09532e+02
9.11840e+02
9.12071e+02
9.12071e+02
9.11951e+02
9.10379e+02
9.01647e+02
8.68785e+02
7.80789e+02
6.18143e+02
4.13964e+02
1.38091e+03
3.37909e+02
9.10732e+02
4.31586e+02
6.69024e+02
8.72871e+02
9.91666e+02
1.03905e+03
1.05246e+03
1.05514e+03
1.05543e+03
1.05543e+03
1.05527e+03
1.05343e+03
1.04342e+03
1.00562e+03
9.03841e+02
7.15009e+02
4.77798e+02
3.03759e+02
1.26903e+03
4.41391e+02
6.84285e+02
8.92809e+02
1.01433e+03
1.06278e+03
1.07650e+03
1.07925e+03
1.07955e+03
1.07956e+03
1.07939e+03
1.07750e+03
1.06726e+03
1.02860e+03
9.24489e+02
7.31326e+02
4.88666e+02
1.44041e+03
3.48961e+02
4.02895e+02
6.24019e+02
8.13872e+02
9.24625e+02
9.68876e+02
9.81419e+02
9.83908e+02
9.84170e+02
9.84172e+02
9.84030e+02
9.82328e+02
9.72964e+02
9.37651e+02
8.42731e+02
6.66840e+02
4.45940e+02
9.27144e+02
2.42723e+02
8.60253e+02
3.20956e+02
4.93989e+02
6.42536e+02
7.29949e+02
7.65389e+02
7.75547e+02
7.77529e+02
7.77700e+02
7.77697e+02
7.77618e+02
7.76281e+02
7.68695e+02
7.40329e+02
6.65215e+02
5.27448e+02
3.54709e+02
9.72487e+02
2.68200e+02
9.26348e+02
2.17946e+02
3.30380e+02
4.26894e+02
4.84876e+02
5.09177e+02
5.16297e+02
5.17616e+02
5.17660e+02
5.17650e+02
5.17660e+02
5.16804e+02
5.11491e+02
4.91916e+02
4.41784e+02
3.52047e+02
2.39982e+02
1.98189e+02
3.76408e+02
9.00067e+02
1.40618e+03
1.58620e+03
1.60485e+03
1.60484e+03
1.59149e+03
1.43857e+03
9.60406e+02
4.15359e+02
2.02471e+02
9.11033e+02
9.93919e+02
1.52280e+03
1.82236e+03
1.82062e+03
1.55756e+03
1.00057e+03
9.19417e+02
7.51417e+02
9.43705e+02
1.07076e+03
1.13068e+03
1.13216e+03
1.07519e+03
9.51868e+02
7.61808e+02
1.95499e+01
1.95499e+01
1.95499e+01
1.95499e+01
2.15604e+01
2.15604e+01
2.15604e+01
2.15604e+01
2.15021e+01
2.15021e+01
2.15021e+01
2.15021e+01
1.98417e+01
1.98417e+01
1.98417e+01
1.98417e+01
1.95499e+01
1.95499e+01
1.95499e+01
1.95499e+01
2.15604e+01
2.15604e+01
2.15604e+01
2.15604e+01
2.15021e+01
2.15021e+01
2.15021e+01
2.15021e+01
1.98417e+01
1.98417e+01
1.98417e+01
1.98417e+01
8.74082e+01
8.74082e+01
1.34970e+02
1.34970e+02
1.52039e+02
1.52039e+02
1.53625e+02
1.53625e+02
1.53609e+02
1.53609e+02
1.52528e+02
1.52528e+02
1.38039e+02
1.38039e+02
9.30541e+01
9.30541e+01
8.74082e+01
8.74082e+01
1.34970e+02
1.34970e+02
1.52039e+02
1.52039e+02
1.53625e+02
1.53625e+02
1.53609e+02
1.53609e+02
1.52528e+02
1.52528e+02
1.38039e+02
1.38039e+02
9.30541e+01
9.30541e+01
2.52573e+02
2.52573e+02
4.05453e+02
4.05453e+02
4.56569e+02
4.56569e+02
4.62206e+02
4.62206e+02
4.62260e+02
4.62260e+02
4.58033e+02
4.58033e+02
4.14910e+02
4.14910e+02
2.70951e+02
2.70951e+02
2.52573e+02
2.52573e+02
4.05453e+02
4.05453e+02
4.56569e+02
4.56569e+02
4.62206e+02
4.62206e+02
4.62260e+02
4.62260e+02
4.58033e+02
4.58033e+02
4.14910e+02
4.14910e+02
2.70951e+02
2.70951e+02
2.75513e+02
3.85213e+02
4.80159e+02
5.43411e+02
5.75919e+02
5.89078e+02
5.93355e+02
5.94448e+02
5.94515e+02
5.93721e+02
5.90394e+02
5.79701e+02
5.52071e+02
4.95570e+02
4.06153e+02
2.97407e+02
3.10921e+02
4.35803e+02
5.43870e+02
6.15616e+02
6.52261e+02
6.66987e+02
6.71749e+02
6.72967e+02
6.73043e+02
6.72156e+02
6.68453e+02
6.56503e+02
6.25401e+02
5.61381e+02
4.59650e+02
3.35828e+02
3.17151e+02
4.44679e+02
5.55031e+02
6.28263e+02
6.65638e+02
6.80642e+02
6.85491e+02
6.86732e+02
6.86809e+02
6.85906e+02
6.82136e+02
6.69962e+02
6.38247e+02
5.72909e+02
4.69032e+02
3.42584e+02
2.93051e+02
4.10296e+02
5.11762e+02
5.79229e+02
6.13784e+02
6.27717e+02
6.32233e+02
6.33388e+02
6.33459e+02
6.32620e+02
6.29107e+02
6.17794e+02
5.88446e+02
5.28216e+02
4.32681e+02
3.16442e+02
2.43464e+02
3.39334e+02
4.22324e+02
4.77858e+02
5.06627e+02
5.18375e+02
5.22215e+02
5.23195e+02
5.23255e+02
5.22544e+02
5.19556e+02
5.09994e+02
4.85498e+02
4.35823e+02
3.57623e+02
2.62616e+02
1.80385e+02
2.49273e+02
3.08929e+02
3.49341e+02
3.70722e+02
3.79651e+02
3.82603e+02
3.83346e+02
3.83390e+02
3.82854e+02
3.80558e+02
3.73265e+02
3.54973e+02
3.18692e+02
2.62393e+02
1.94183e+02
1.23896e+02
1.23896e+02
1.56399e+02
1.56399e+02
1.72483e+02
1.72483e+02
1.72017e+02
1.72017e+02
1.58733e+02
1.58733e+02
1.24238e+02
1.24238e+02
1.23896e+02
1.23896e+02
1.95499e+01
1.95499e+01
1.95499e+01
1.95499e+01
2.15604e+01
2.15604e+01
2.15604e+01
2.15604e+01
2.15021e+01
2.15021e+01
2.15021e+01
2.15021e+01
1.98417e+01
1.98417e+01
1.98417e+01
1.98417e+01
1.24238e+02
1.24238e+02
1.95499e+01
1.95499e+01
1.95499e+01
1.95499e+01
2.15604e+01
2.15604e+01
2.15604e+01
2.15604e+01
2.15021e+01
2.15021e+01
2.15021e+01
2.15021e+01
1.98417e+01
1.98417e+01
1.98417e+01
1.98417e+01
3.22543e+02
3.22543e+02
8.12101e+01
8.12101e+01
1.13352e+02
1.13352e+02
1.30097e+02
1.30097e+02
1.35059e+02
1.35059e+02
1.35221e+02
1.35221e+02
1.30981e+02
1.30981e+02
1.15764e+02
1.15764e+02
8.48973e+01
8.48973e+01
3.57940e+02
3.57940e+02
8.12101e+01
8.12101e+01
1.13352e+02
1.13352e+02
1.30097e+02
1.30097e+02
1.35059e+02
1.35059e+02
1.35221e+02
1.35221e+02
1.30981e+02
1.30981e+02
1.15764e+02
1.15764e+02
8.48973e+01
8.48973e+01
3.22543e+02
3.22543e+02
1.55493e+02
1.55493e+02
2.20115e+02
2.20115e+02
2.52325e+02
2.52325e+02
2.61209e+02
2.61209e+02
2.61489e+02
2.61489e+02
2.53946e+02
2.53946e+02
2.24874e+02
2.24874e+02
1.62942e+02
1.62942e+02
3.57940e+02
3.57940e+02
1.55493e+02
1.55493e+02
2.20115e+02
2.20115e+02
2.52325e+02
2.52325e+02
2.61209e+02
2.61209e+02
2.61489e+02
2.61489e+02
2.53946e+02
2.53946e+02
2.24874e+02
2.24874e+02
1.62942e+02
1.62942e+02
3.71709e+02
9.22136e+02
2.07331e+02
2.71944e+02
3.28450e+02
3.69330e+02
3.93805e+02
4.06080e+02
4.11303e+02
4.13115e+02
4.13250e+02
4.11858e+02
4.07544e+02
3.97062e+02
3.75448e+02
3.38002e+02
2.84218e+02
2.20384e+02
9.95884e+02
4.11429e+02
2.29322e+02
3.01430e+02
3.64471e+02
4.09942e+02
4.37020e+02
4.50506e+02
4.56203e+02
4.58167e+02
4.58314e+02
4.56805e+02
4.52106e+02
4.40607e+02
4.16727e+02
3.75112e+02
3.15131e+02
2.43881e+02
3.82098e+02
9.49797e+02
2.33213e+02
3.06646e+02
3.70843e+02
4.17126e+02
4.44665e+02
4.58365e+02
4.64146e+02
4.66137e+02
4.66285e+02
4.64756e+02
4.59989e+02
4.48310e+02
4.24029e+02
3.81676e+02
3.20599e+02
2.48039e+02
1.02596e+03
4.23020e+02
2.18206e+02
2.86525e+02
3.46263e+02
3.89413e+02
4.15176e+02
4.28049e+02
4.33507e+02
4.35394e+02
4.35535e+02
4.34085e+02
4.29580e+02
4.18596e+02
3.95861e+02
3.56353e+02
2.99505e+02
2.32003e+02
2.99093e+02
7.29641e+02
1.87433e+02
2.45283e+02
2.95889e+02
3.32619e+02
3.54741e+02
3.65918e+02
3.70709e+02
3.72380e+02
3.72505e+02
3.71220e+02
3.67257e+02
3.57699e+02
3.38136e+02
3.04457e+02
2.56269e+02
1.99126e+02
7.86743e+02
3.30407e+02
1.47510e+02
1.91953e+02
2.30858e+02
2.59327e+02
2.76723e+02
2.85670e+02
2.89572e+02
2.90950e+02
2.91053e+02
2.89992e+02
2.86756e+02
2.79076e+02
2.63639e+02
2.37471e+02
2.00387e+02
1.56506e+02
1.80321e+02
4.17591e+02
7.58624e+02
1.06212e+03
1.21880e+03
1.26459e+03
1.26608e+03
1.22699e+03
1.08481e+03
7.93477e+02
4.48625e+02
1.97551e+02
1.95499e+01
1.95499e+01
1.95499e+01
1.95499e+01
2.15604e+01
2.15604e+01
2.15604e+01
2.15604e+01
2.15021e+01
2.15021e+01
2.15021e+01
2.15021e+01
1.98417e+01
1.98417e+01
1.98417e+01
1.98417e+01
1.95499e+01
1.95499e+01
1.95499e+01
1.95499e+01
2.15604e+01
2.15604e+01
2.15604e+01
2.15604e+01
2.15021e+01
2.15021e+01
2.15021e+01
2.15021e+01
1.98417e+01
1.98417e+01
1.98417e+01
1.98417e+01
8.12101e+01
8.12101e+01
1.13352e+02
1.13352e+02
1.30097e+02
1.30097e+02
1.35059e+02
1.35059e+02
1.35221e+02
1.35221e+02
1.30981e+02
1.30981e+02
1.15764e+02
1.15764e+02
8.48973e+01
8.48973e+01
8.12101e+01
8.12101e+01
1.13352e+02
1.13352e+02
1.30097e+02
1.30097e+02
1.35059e+02
1.35059e+02
1.35221e+02
1.35221e+02
1.30981e+02
1.30981e+02
1.15764e+02
1.15764e+02
8.48973e+01
8.48973e+01
1.55493e+02
1.55493e+02
2.20115e+02
2.20115e+02
2.52325e+02
2.52325e+02
2.61209e+02
2.61209e+02
2.61489e+02
2.61489e+02
2.53946e+02
2.53946e+02
2.24874e+02
2.24874e+02
1.62942e+02
1.62942e+02
1.55493e+02
1.55493e+02
2.20115e+02
2.20115e+02
2.52325e+02
2.52325e+02
2.61209e+02
2.61209e+02
2.61489e+02
2.61489e+02
2.53946e+02
2.53946e+02
2.24874e+02
2.24874e+02
1.62942e+02
1.62942e+02
1.59498e+02
2.00230e+02
2.36216e+02
2.63752e+02
2.81991e+02
2.92508e+02
2.97790e+02
2.99939e+02
3.00113e+02
2.98418e+02
2.93905e+02
2.84635e+02
2.68119e+02
2.42470e+02
2.07960e+02
1.67778e+02
1.73471e+02
2.18142e+02
2.57595e+02
2.87711e+02
3.07574e+02
3.18962e+02
3.24646e+02
3.26947e+02
3.27133e+02
3.25319e+02
3.20468e+02
3.10444e+02
2.92476e+02
2.64443e+02
2.26621e+02
1.82548e+02
1.75937e+02
2.21306e+02
2.61373e+02
2.91945e+02
3.12094e+02
3.23637e+02
3.29391e+02
3.31718e+02
3.31906e+02
3.30072e+02
3.25162e+02
3.15004e+02
2.96781e+02
2.68326e+02
2.29917e+02
1.85156e+02
1.66417e+02
2.09097e+02
2.46797e+02
2.75610e+02
2.94652e+02
3.05601e+02
3.11082e+02
3.13307e+02
3.13487e+02
3.11733e+02
3.07052e+02
2.97409e+02
2.80174e+02
2.53345e+02
2.17197e+02
1.75091e+02
1.46763e+02
1.83925e+02
2.16770e+02
2.41964e+02
2.58725e+02
2.68445e+02
2.73357e+02
2.75367e+02
2.75530e+02
2.73944e+02
2.69742e+02
2.61163e+02
2.45970e+02
2.22485e+02
1.90977e+02
1.54320e+02
1.20708e+02
1.50667e+02
1.77166e+02
1.97611e+02
2.11354e+02
2.19433e+02
2.23574e+02
2.25288e+02
2.25428e+02
2.24072e+02
2.20521e+02
2.13371e+02
2.00881e+02
1.81790e+02
1.56350e+02
1.26805e+02
1.89772e+03
1.89772e+03
1.90595e+03
1.90595e+03
1.89772e+03
1.89772e+03
1.90595e+03
1.90595e+03
9.42362e+02
1.11331e+03
9.34638e+02
2.64753e+02
2.64753e+02
2.67958e+02
2.67958e+02
9.44708e+02
1.11167e+03
9.49655e+02
2.64753e+02
2.64753e+02
2.67958e+02
2.67958e+02
1.04391e+03
9.77467e+02
9.63163e+02
9.63163e+02
2.25919e+02
2.25919e+02
2.96035e+02
2.96035e+02
2.97610e+02
2.97610e+02
2.31099e+02
2.31099e+02
1.01063e+03
1.01063e+03
9.82468e+02
1.04974e+03
2.25919e+02
2.25919e+02
2.96035e+02
2.96035e+02
2.97610e+02
2.97610e+02
2.31099e+02
2.31099e+02
9.63163e+02
9.63163e+02
6.47108e+02
6.47108e+02
8.50927e+02
8.50927e+02
8.55167e+02
8.55167e+02
6.62708e+02
6.62708e+02
1.01063e+03
1.01063e+03
6.47108e+02
6.47108e+02
8.50927e+02
8.50927e+02
8.55167e+02
8.55167e+02
6.62708e+02
6.62708e+02
1.06069e+03
1.07255e+03
9.23536e+02
3.50006e+03
1.02415e+03
1.35569e+03
1.55361e+03
1.63035e+03
1.63344e+03
1.56587e+03
1.38206e+03
1.06143e+03
3.69121e+03
9.98638e+02
1.11146e+03
1.06560e+03
1.04690e+03
1.38649e+03
1.58893e+03
1.66723e+03
1.67038e+03
1.60145e+03
1.41348e+03
1.08510e+03
7.01984e+02
2.58500e+03
8.62383e+02
1.13727e+03
1.30317e+03
1.36870e+03
1.37137e+03
1.31356e+03
1.15924e+03
8.93250e+02
2.72175e+03
7.57882e+02
5.78086e+02
7.56334e+02
8.66484e+02
9.11787e+02
9.13674e+02
8.73558e+02
7.70719e+02
5.98040e+02
1.01106e+03
1.01952e+03
3.35345e+03
2.06446e+03
2.70513e+03
2.71943e+03
2.11195e+03
3.51416e+03
1.01127e+03
1.01782e+03
4.12602e+02
5.33452e+02
5.36268e+02
4.21240e+02
1.04668e+03
6.95371e+02
6.87671e+02
1.03978e+03
1.05921e+03
1.14581e+03
1.14678e+03
1.06259e+03
2.25919e+02
2.25919e+02
2.96035e+02
2.96035e+02
2.97610e+02
2.97610e+02
2.31099e+02
2.31099e+02
2.25919e+02
2.25919e+02
2.96035e+02
2.96035e+02
2.97610e+02
2.97610e+02
2.31099e+02
2.31099e+02
6.47108e+02
6.47108e+02
8.50927e+02
8.50927e+02
8.55167e+02
8.55167e+02
6.62708e+02
6.62708e+02
6.47108e+02
6.47108e+02
8.50927e+02
8.50927e+02
8.55167e+02
8.55167e+02
6.62708e+02
6.62708e+02
6.54501e+02
8.24633e+02
9.37993e+02
9.90615e+02
9.92971e+02
9.45833e+02
8.38824e+02
6.73303e+02
6.65016e+02
8.38158e+02
9.53437e+02
1.00689e+03
1.00928e+03
9.61404e+02
8.52596e+02
6.84152e+02
5.77964e+02
7.26364e+02
8.25822e+02
8.72413e+02
8.74509e+02
8.32739e+02
7.38773e+02
5.94350e+02
4.33175e+02
5.41502e+02
6.15018e+02
6.50134e+02
6.51731e+02
6.20194e+02
5.50609e+02
4.45114e+02
2.64753e+02
2.64753e+02
2.67958e+02
2.67958e+02
2.64753e+02
2.64753e+02
2.67958e+02
2.67958e+02
9.63163e+02
9.63163e+02
1.85121e+02
1.85121e+02
2.29611e+02
2.29611e+02
2.30747e+02
2.30747e+02
1.88198e+02
1.88198e+02
1.01063e+03
1.01063e+03
1.85121e+02
1.85121e+02
2.29611e+02
2.29611e+02
2.30747e+02
2.30747e+02
1.88198e+02
1.88198e+02
9.63163e+02
9.63163e+02
3.36296e+02
3.36296e+02
4.20392e+02
4.20392e+02
4.22504e+02
4.22504e+02
3.42163e+02
3.42163e+02
1.01063e+03
1.01063e+03
3.36296e+02
3.36296e+02
4.20392e+02
4.20392e+02
4.22504e+02
4.22504e+02
3.42163e+02
3.42163e+02
9.06753e+02
2.02272e+03
4.45984e+02
5.42175e+02
6.10053e+02
6.44354e+02
6.45962e+02
6.15002e+02
5.50404e+02
4.56511e+02
2.09004e+03
9.49917e+02
4.51354e+02
5.48832e+02
6.17592e+02
6.52320e+02
6.53947e+02
6.22604e+02
5.57169e+02
4.62021e+02
7.72780e+02
1.69919e+03
4.06206e+02
4.92932e+02
5.54302e+02
5.85443e+02
5.86906e+02
5.58788e+02
5.00360e+02
4.15693e+02
1.75448e+03
8.09070e+02
3.26958e+02
3.95229e+02
4.43830e+02
4.68711e+02
4.69885e+02
4.47402e+02
4.01091e+02
3.34419e+02
1.59659e+03
1.98188e+03
1.99170e+03
1.62326e+03
6.65740e+02
8.22762e+02
8.26823e+02
6.76531e+02
1.85121e+02
1.85121e+02
2.29611e+02
2.29611e+02
2.30747e+02
2.30747e+02
1.88198e+02
1.88198e+02
1.85121e+02
1.85121e+02
2.29611e+02
2.29611e+02
2.30747e+02
2.30747e+02
1.88198e+02
1.88198e+02
3.36296e+02
3.36296e+02
4.20392e+02
4.20392e+02
4.22504e+02
4.22504e+02
3.42163e+02
3.42163e+02
3.36296e+02
3.36296e+02
4.20392e+02
4.20392e+02
4.22504e+02
4.22504e+02
3.42163e+02
3.42163e+02
3.18623e+02
3.76753e+02
4.18916e+02
4.41076e+02
4.42136e+02
4.22067e+02
3.81786e+02
3.24957e+02
3.21592e+02
3.80330e+02
4.22928e+02
4.45311e+02
4.46381e+02
4.26110e+02
3.85415e+02
3.27993e+02
2.96346e+02
3.49942e+02
3.88860e+02
4.09351e+02
4.10332e+02
3.91772e+02
3.54584e+02
3.02186e+02
2.50293e+02
2.94687e+02
3.27001e+02
3.44079e+02
3.44898e+02
3.29424e+02
2.98536e+02
2.55129e+02
5.90368e+02
3.01950e+03
3.05324e+03
5.87548e+02
5.35904e+03
1.99430e+03
3.48452e+03
3.50816e+03
2.03656e+03
5.53741e+03
5.04989e+03
1.16047e+03
1.16047e+03
1.16910e+03
1.16910e+03
5.16520e+03
1.16047e+03
1.16047e+03
1.16910e+03
1.16910e+03
6.99656e+03
6.26330e+03
1.78795e+03
2.13771e+03
2.14681e+03
1.81192e+03
6.41058e+03
7.22808e+03
1.58926e+03
1.89557e+03
1.90355e+03
1.61025e+03
3.60260e+03
6.46263e+03
6.50880e+03
3.68177e+03
1.11812e+03
7.02292e+03
7.09422e+03
1.16091e+03
1.16047e+03
1.16047e+03
1.16910e+03
1.16910e+03
1.16047e+03
1.16047e+03
1.16910e+03
1.16910e+03
1.06164e+03
1.22092e+03
1.22508e+03
1.07259e+03
9.78770e+02
1.12373e+03
1.12751e+03
9.88736e+02
1.69311e+03
2.38908e+03
2.39939e+03
1.71458e+03
2.83552e+03
5.14888e+02
5.14888e+02
5.17308e+02
5.17308e+02
2.87431e+03
5.14888e+02
5.14888e+02
5.17308e+02
5.17308e+02
3.19073e+03
6.80109e+02
7.59479e+02
7.61532e+02
6.85610e+02
3.23527e+03
6.40893e+02
7.14883e+02
7.16795e+02
6.46023e+02
2.35184e+03
3.37675e+03
3.39211e+03
2.38306e+03
5.14888e+02
5.14888e+02
5.17308e+02
5.17308e+02
5.14888e+02
5.14888e+02
5.17308e+02
5.17308e+02
4.60572e+02
5.03165e+02
5.04257e+02
4.63549e+02
4.40190e+02
4.80535e+02
4.81569e+02
4.43011e+02
